acc:
[[ 0.09837838  0.00216216  0.10162162  0.02486486  0.00540541]
 [ 0.02378378  0.00108108  0.05297297  0.0172973   0.00432432]
 [ 0.07459459  0.00972973  0.15567568  0.04648649  0.01513514]
 [ 0.02486486  0.00432432  0.12324324  0.07783784  0.01405405]
 [ 0.01837838  0.          0.06054054  0.02594595  0.0172973 ]]
[[ 0.          0.          0.23243243  0.          0.        ]
 [ 0.          0.          0.09945946  0.          0.        ]
 [ 0.          0.          0.30162162  0.          0.        ]
 [ 0.          0.          0.24432432  0.          0.        ]
 [ 0.          0.          0.12216216  0.          0.        ]]
[[ 0.04972973  0.          0.15675676  0.02594595  0.        ]
 [ 0.01837838  0.          0.05945946  0.02162162  0.        ]
 [ 0.05297297  0.          0.21621622  0.03243243  0.        ]
 [ 0.02918919  0.          0.16        0.05513514  0.        ]
 [ 0.02162162  0.          0.05837838  0.04216216  0.        ]]
[[ 0.12540541  0.          0.10702703  0.          0.        ]
 [ 0.01945946  0.          0.08        0.          0.        ]
 [ 0.04        0.          0.26162162  0.          0.        ]
 [ 0.02594595  0.          0.21837838  0.          0.        ]
 [ 0.01081081  0.          0.11135135  0.          0.        ]]
[[ 0.05945946  0.          0.14162162  0.03135135  0.        ]
 [ 0.02162162  0.          0.05189189  0.02594595  0.        ]
 [ 0.06162162  0.00216216  0.19027027  0.04756757  0.        ]
 [ 0.02918919  0.00108108  0.13297297  0.08108108  0.        ]
 [ 0.01837838  0.00108108  0.07567568  0.02702703  0.        ]]
[[ 0.03027027  0.          0.15783784  0.03135135  0.01297297]
 [ 0.01405405  0.          0.06486486  0.01621622  0.00432432]
 [ 0.04108108  0.          0.19567568  0.05297297  0.01189189]
 [ 0.02486486  0.          0.1427027   0.07243243  0.00432432]
 [ 0.01297297  0.          0.05945946  0.03891892  0.01081081]]

f1:
[[ 0.11351351  0.00216216  0.08216216  0.02702703  0.00756757]
 [ 0.03135135  0.00432432  0.04        0.01513514  0.00864865]
 [ 0.09081081  0.01513514  0.11783784  0.06162162  0.01621622]
 [ 0.03027027  0.00540541  0.09945946  0.09189189  0.0172973 ]
 [ 0.01945946  0.00540541  0.03783784  0.03783784  0.02162162]]
[[ 0.03783784  0.          0.1772973   0.0172973   0.        ]
 [ 0.01297297  0.          0.07567568  0.01081081  0.        ]
 [ 0.04648649  0.          0.23783784  0.0172973   0.        ]
 [ 0.03783784  0.          0.19027027  0.01621622  0.        ]
 [ 0.02162162  0.          0.09405405  0.00648649  0.        ]]
[[ 0.08        0.          0.12864865  0.02378378  0.        ]
 [ 0.02486486  0.          0.05081081  0.02378378  0.        ]
 [ 0.08324324  0.          0.17297297  0.04540541  0.        ]
 [ 0.04        0.          0.13945946  0.06486486  0.        ]
 [ 0.03243243  0.          0.04324324  0.04648649  0.        ]]
[[ 0.11783784  0.          0.09189189  0.01513514  0.00756757]
 [ 0.02702703  0.          0.05513514  0.01297297  0.00432432]
 [ 0.05081081  0.          0.19459459  0.04216216  0.01405405]
 [ 0.02810811  0.          0.14810811  0.06378378  0.00432432]
 [ 0.01189189  0.          0.06486486  0.03027027  0.01513514]]
[[ 0.07459459  0.00216216  0.11459459  0.03783784  0.00324324]
 [ 0.02918919  0.00108108  0.03567568  0.02594595  0.00756757]
 [ 0.08432432  0.01081081  0.14702703  0.05513514  0.00432432]
 [ 0.04        0.00540541  0.11243243  0.07783784  0.00864865]
 [ 0.02702703  0.00324324  0.05621622  0.02486486  0.01081081]]
[[ 0.03891892  0.00432432  0.14054054  0.03351351  0.01513514]
 [ 0.01945946  0.00216216  0.05513514  0.01513514  0.00756757]
 [ 0.05297297  0.00540541  0.17837838  0.05297297  0.01189189]
 [ 0.02054054  0.00756757  0.14594595  0.05945946  0.01081081]
 [ 0.01297297  0.00324324  0.06054054  0.0227027   0.0227027 ]]

reg:
[[ 0.00108108  0.12324324  0.09297297  0.01513514  0.        ]
 [ 0.          0.02810811  0.06702703  0.00432432  0.        ]
 [ 0.          0.10810811  0.1772973   0.01621622  0.        ]
 [ 0.00108108  0.03783784  0.17081081  0.03459459  0.        ]
 [ 0.          0.01081081  0.07351351  0.03783784  0.        ]]
[[ 0.          0.          0.23243243  0.          0.        ]
 [ 0.          0.          0.09945946  0.          0.        ]
 [ 0.          0.          0.30162162  0.          0.        ]
 [ 0.          0.          0.24432432  0.          0.        ]
 [ 0.          0.          0.12216216  0.          0.        ]]
[[ 0.          0.0172973   0.21513514  0.          0.        ]
 [ 0.          0.00864865  0.09081081  0.          0.        ]
 [ 0.          0.04432432  0.2572973   0.          0.        ]
 [ 0.          0.01513514  0.22918919  0.          0.        ]
 [ 0.          0.00432432  0.11783784  0.          0.        ]]
[[ 0.          0.13081081  0.09189189  0.00972973  0.        ]
 [ 0.          0.0227027   0.07459459  0.00216216  0.        ]
 [ 0.          0.04216216  0.24648649  0.01297297  0.        ]
 [ 0.          0.02702703  0.20864865  0.00864865  0.        ]
 [ 0.          0.01189189  0.08324324  0.02702703  0.        ]]
[[ 0.          0.03783784  0.19459459  0.          0.        ]
 [ 0.          0.01513514  0.08432432  0.          0.        ]
 [ 0.          0.06486486  0.23459459  0.00216216  0.        ]
 [ 0.          0.01621622  0.2227027   0.00540541  0.        ]
 [ 0.          0.00648649  0.11567568  0.          0.        ]]
[[ 0.          0.03783784  0.18810811  0.00648649  0.        ]
 [ 0.          0.01297297  0.08432432  0.00216216  0.        ]
 [ 0.          0.03783784  0.25837838  0.00540541  0.        ]
 [ 0.          0.01297297  0.22594595  0.00540541  0.        ]
 [ 0.          0.00540541  0.11351351  0.00324324  0.        ]]

gp:
[[ 0.          0.06810811  0.16        0.00432432  0.        ]
 [ 0.          0.02702703  0.07027027  0.00216216  0.        ]
 [ 0.          0.07351351  0.22054054  0.00756757  0.        ]
 [ 0.          0.02810811  0.20864865  0.00756757  0.        ]
 [ 0.          0.00756757  0.10918919  0.00540541  0.        ]]




