acc:
[[ 0.08540541  0.00108108  0.11351351  0.02810811  0.00432432]
 [ 0.01945946  0.          0.05405405  0.0227027   0.00324324]
 [ 0.06702703  0.00540541  0.15567568  0.06918919  0.00432432]
 [ 0.02810811  0.00108108  0.12432432  0.08756757  0.00324324]
 [ 0.01297297  0.00216216  0.06162162  0.03459459  0.01081081]]
[[ 0.          0.          0.23243243  0.          0.        ]
 [ 0.          0.          0.09945946  0.          0.        ]
 [ 0.          0.          0.30162162  0.          0.        ]
 [ 0.          0.          0.24432432  0.          0.        ]
 [ 0.          0.          0.12216216  0.          0.        ]]
[[ 0.06594595  0.          0.13081081  0.03567568  0.        ]
 [ 0.01837838  0.          0.05081081  0.03027027  0.        ]
 [ 0.07351351  0.          0.16432432  0.06378378  0.        ]
 [ 0.03243243  0.          0.12108108  0.09081081  0.        ]
 [ 0.02810811  0.          0.04        0.05405405  0.        ]]
[[ 0.11783784  0.          0.10054054  0.01405405  0.        ]
 [ 0.02054054  0.          0.07135135  0.00756757  0.        ]
 [ 0.03567568  0.          0.24648649  0.01945946  0.        ]
 [ 0.02486486  0.          0.18918919  0.03027027  0.        ]
 [ 0.00972973  0.          0.09945946  0.01297297  0.        ]]
[[ 0.00108108  0.          0.23135135  0.          0.        ]
 [ 0.00108108  0.          0.09837838  0.          0.        ]
 [ 0.00108108  0.          0.30054054  0.          0.        ]
 [ 0.00324324  0.          0.24108108  0.          0.        ]
 [ 0.          0.          0.12216216  0.          0.        ]]
[[ 0.          0.          0.23243243  0.          0.        ]
 [ 0.          0.          0.09945946  0.          0.        ]
 [ 0.          0.          0.30162162  0.          0.        ]
 [ 0.          0.          0.24432432  0.          0.        ]
 [ 0.          0.          0.12216216  0.          0.        ]]

f1:
[[ 0.10810811  0.00864865  0.08108108  0.02378378  0.01081081]
 [ 0.02486486  0.00540541  0.04324324  0.0172973   0.00864865]
 [ 0.07351351  0.0227027   0.13837838  0.05405405  0.01297297]
 [ 0.03243243  0.01189189  0.09405405  0.09621622  0.00972973]
 [ 0.01081081  0.00648649  0.04432432  0.02810811  0.03243243]]
[[ 0.0227027   0.          0.2         0.00756757  0.00216216]
 [ 0.01189189  0.          0.08108108  0.00648649  0.        ]
 [ 0.02594595  0.00108108  0.26378378  0.00972973  0.00108108]
 [ 0.02594595  0.00108108  0.2         0.0172973   0.        ]
 [ 0.01405405  0.          0.10486486  0.00324324  0.        ]]
[[ 0.06594595  0.          0.13081081  0.03567568  0.        ]
 [ 0.01837838  0.          0.05081081  0.03027027  0.        ]
 [ 0.07351351  0.          0.16432432  0.06378378  0.        ]
 [ 0.03243243  0.          0.12108108  0.09081081  0.        ]
 [ 0.02810811  0.          0.04        0.05405405  0.        ]]
[[ 0.13081081  0.00108108  0.07675676  0.02054054  0.00324324]
 [ 0.03243243  0.          0.05837838  0.00756757  0.00108108]
 [ 0.06810811  0.          0.19135135  0.03675676  0.00540541]
 [ 0.03243243  0.          0.15567568  0.05297297  0.00324324]
 [ 0.01189189  0.          0.06702703  0.03783784  0.00540541]]
[[ 0.06486486  0.00756757  0.11351351  0.03783784  0.00864865]
 [ 0.0227027   0.00432432  0.04648649  0.02486486  0.00108108]
 [ 0.09081081  0.01837838  0.12864865  0.05297297  0.01081081]
 [ 0.04216216  0.01297297  0.09837838  0.07783784  0.01297297]
 [ 0.02594595  0.00432432  0.04108108  0.03243243  0.01837838]]
[[ 0.05513514  0.00864865  0.12324324  0.03135135  0.01405405]
 [ 0.01405405  0.00432432  0.0572973   0.01837838  0.00540541]
 [ 0.05513514  0.01405405  0.16324324  0.05513514  0.01405405]
 [ 0.02810811  0.00864865  0.13081081  0.06594595  0.01081081]
 [ 0.00972973  0.00432432  0.06486486  0.03243243  0.01081081]]
